(kicad_pcb (version 20171130) (host pcbnew 5.0.2-bee76a0~70~ubuntu18.04.1)

  (general
    (thickness 1.6)
    (drawings 62)
    (tracks 269)
    (zones 0)
    (modules 44)
    (nets 97)
  )

  (page A4)
  (layers
    (0 F.Cu signal)
    (31 B.Cu signal)
    (32 B.Adhes user)
    (33 F.Adhes user)
    (34 B.Paste user)
    (35 F.Paste user)
    (36 B.SilkS user)
    (37 F.SilkS user)
    (38 B.Mask user)
    (39 F.Mask user)
    (40 Dwgs.User user)
    (41 Cmts.User user)
    (42 Eco1.User user)
    (43 Eco2.User user)
    (44 Edge.Cuts user)
    (45 Margin user)
    (46 B.CrtYd user)
    (47 F.CrtYd user)
    (48 B.Fab user hide)
    (49 F.Fab user hide)
  )

  (setup
    (last_trace_width 0.15)
    (user_trace_width 0.15)
    (user_trace_width 0.2)
    (user_trace_width 0.5)
    (trace_clearance 0.15)
    (zone_clearance 0.3)
    (zone_45_only no)
    (trace_min 0.15)
    (segment_width 0.15)
    (edge_width 0.15)
    (via_size 0.6)
    (via_drill 0.4)
    (via_min_size 0.4)
    (via_min_drill 0.3)
    (user_via 0.6 0.4)
    (uvia_size 0.3)
    (uvia_drill 0.1)
    (uvias_allowed no)
    (uvia_min_size 0.2)
    (uvia_min_drill 0.1)
    (pcb_text_width 0.3)
    (pcb_text_size 1.5 1.5)
    (mod_edge_width 0.15)
    (mod_text_size 1 1)
    (mod_text_width 0.15)
    (pad_size 1.524 1.524)
    (pad_drill 0.762)
    (pad_to_mask_clearance 0.2)
    (solder_mask_min_width 0.25)
    (aux_axis_origin 130 120)
    (grid_origin 130 120)
    (visible_elements FFFFFF7F)
    (pcbplotparams
      (layerselection 0x010fc_ffffffff)
      (usegerberextensions false)
      (usegerberattributes false)
      (usegerberadvancedattributes false)
      (creategerberjobfile false)
      (excludeedgelayer true)
      (linewidth 0.100000)
      (plotframeref false)
      (viasonmask false)
      (mode 1)
      (useauxorigin false)
      (hpglpennumber 1)
      (hpglpenspeed 20)
      (hpglpendiameter 15.000000)
      (psnegative false)
      (psa4output false)
      (plotreference true)
      (plotvalue true)
      (plotinvisibletext false)
      (padsonsilk false)
      (subtractmaskfromsilk false)
      (outputformat 1)
      (mirror false)
      (drillshape 0)
      (scaleselection 1)
      (outputdirectory "fab/"))
  )

  (net 0 "")
  (net 1 "Net-(J1-Pad1)")
  (net 2 "Net-(J1-Pad2)")
  (net 3 "Net-(J1-Pad3)")
  (net 4 "Net-(J1-Pad4)")
  (net 5 "Net-(J1-Pad5)")
  (net 6 "Net-(J1-Pad6)")
  (net 7 "Net-(J1-Pad7)")
  (net 8 "Net-(J1-Pad9)")
  (net 9 "Net-(J1-Pad10)")
  (net 10 "Net-(J1-Pad11)")
  (net 11 "Net-(J1-Pad12)")
  (net 12 "Net-(J1-Pad13)")
  (net 13 "Net-(J1-Pad14)")
  (net 14 "Net-(J1-Pad15)")
  (net 15 "Net-(J1-Pad24)")
  (net 16 "Net-(J1-Pad25)")
  (net 17 "Net-(J1-Pad26)")
  (net 18 "Net-(J1-Pad27)")
  (net 19 "Net-(J1-Pad28)")
  (net 20 "Net-(J1-Pad29)")
  (net 21 "Net-(J1-Pad31)")
  (net 22 "Net-(J1-Pad32)")
  (net 23 "Net-(J1-Pad33)")
  (net 24 "Net-(J1-Pad34)")
  (net 25 "Net-(J1-Pad35)")
  (net 26 "Net-(J1-Pad36)")
  (net 27 "Net-(J1-Pad37)")
  (net 28 "Net-(J1-Pad38)")
  (net 29 "Net-(J2-Pad38)")
  (net 30 "Net-(J2-Pad37)")
  (net 31 "Net-(J2-Pad36)")
  (net 32 "Net-(J2-Pad35)")
  (net 33 "Net-(J2-Pad33)")
  (net 34 "Net-(J2-Pad31)")
  (net 35 "Net-(J2-Pad30)")
  (net 36 "Net-(J2-Pad28)")
  (net 37 "Net-(J2-Pad26)")
  (net 38 "Net-(J2-Pad25)")
  (net 39 "Net-(J2-Pad24)")
  (net 40 "Net-(J2-Pad23)")
  (net 41 "Net-(J2-Pad22)")
  (net 42 "Net-(J2-Pad21)")
  (net 43 "Net-(J2-Pad19)")
  (net 44 "Net-(J2-Pad18)")
  (net 45 "Net-(J2-Pad17)")
  (net 46 "Net-(J2-Pad16)")
  (net 47 "Net-(J2-Pad15)")
  (net 48 "Net-(J2-Pad13)")
  (net 49 "Net-(J2-Pad11)")
  (net 50 "Net-(J2-Pad10)")
  (net 51 "Net-(J2-Pad8)")
  (net 52 "Net-(J2-Pad7)")
  (net 53 "Net-(J2-Pad6)")
  (net 54 "Net-(J2-Pad5)")
  (net 55 "Net-(J2-Pad4)")
  (net 56 "Net-(J2-Pad3)")
  (net 57 "Net-(J2-Pad2)")
  (net 58 "Net-(J2-Pad1)")
  (net 59 "Net-(C12-Pad1)")
  (net 60 +5V)
  (net 61 /ReceiverRSSI)
  (net 62 GND)
  (net 63 /SW02_L)
  (net 64 /SW01_L)
  (net 65 VBUS)
  (net 66 "Net-(C9-Pad2)")
  (net 67 /LED_RemoteControlOK)
  (net 68 "Net-(D2-Pad2)")
  (net 69 "Net-(D1-Pad2)")
  (net 70 /LED_Operational)
  (net 71 /SW01)
  (net 72 /SW02)
  (net 73 /SBUS)
  (net 74 "Net-(C8-Pad1)")
  (net 75 "Net-(U4-Pad4)")
  (net 76 "Net-(C8-Pad2)")
  (net 77 "Net-(C5-Pad1)")
  (net 78 "Net-(U2-Pad4)")
  (net 79 "Net-(U2-Pad3)")
  (net 80 /CAN_TX)
  (net 81 +3V3)
  (net 82 /CAN_RX)
  (net 83 "Net-(U3-Pad5)")
  (net 84 /CAN-)
  (net 85 /CAN+)
  (net 86 "Net-(U3-Pad8)")
  (net 87 "Net-(D3-Pad1)")
  (net 88 /debugUART)
  (net 89 "Net-(J6-Pad1)")
  (net 90 "Net-(J6-Pad4)")
  (net 91 "Net-(J6-Pad5)")
  (net 92 "Net-(J6-Pad6)")
  (net 93 "Net-(J6-Pad8)")
  (net 94 "Net-(J6-Pad9)")
  (net 95 GNDPWR)
  (net 96 /SBUS_Inv)

  (net_class Default "This is the default net class."
    (clearance 0.15)
    (trace_width 0.15)
    (via_dia 0.6)
    (via_drill 0.4)
    (uvia_dia 0.3)
    (uvia_drill 0.1)
    (add_net +3V3)
    (add_net +5V)
    (add_net /CAN+)
    (add_net /CAN-)
    (add_net /CAN_RX)
    (add_net /CAN_TX)
    (add_net /LED_Operational)
    (add_net /LED_RemoteControlOK)
    (add_net /ReceiverRSSI)
    (add_net /SBUS)
    (add_net /SBUS_Inv)
    (add_net /SW01)
    (add_net /SW01_L)
    (add_net /SW02)
    (add_net /SW02_L)
    (add_net /debugUART)
    (add_net GND)
    (add_net GNDPWR)
    (add_net "Net-(C12-Pad1)")
    (add_net "Net-(C5-Pad1)")
    (add_net "Net-(C8-Pad1)")
    (add_net "Net-(C8-Pad2)")
    (add_net "Net-(C9-Pad2)")
    (add_net "Net-(D1-Pad2)")
    (add_net "Net-(D2-Pad2)")
    (add_net "Net-(D3-Pad1)")
    (add_net "Net-(J1-Pad1)")
    (add_net "Net-(J1-Pad10)")
    (add_net "Net-(J1-Pad11)")
    (add_net "Net-(J1-Pad12)")
    (add_net "Net-(J1-Pad13)")
    (add_net "Net-(J1-Pad14)")
    (add_net "Net-(J1-Pad15)")
    (add_net "Net-(J1-Pad2)")
    (add_net "Net-(J1-Pad24)")
    (add_net "Net-(J1-Pad25)")
    (add_net "Net-(J1-Pad26)")
    (add_net "Net-(J1-Pad27)")
    (add_net "Net-(J1-Pad28)")
    (add_net "Net-(J1-Pad29)")
    (add_net "Net-(J1-Pad3)")
    (add_net "Net-(J1-Pad31)")
    (add_net "Net-(J1-Pad32)")
    (add_net "Net-(J1-Pad33)")
    (add_net "Net-(J1-Pad34)")
    (add_net "Net-(J1-Pad35)")
    (add_net "Net-(J1-Pad36)")
    (add_net "Net-(J1-Pad37)")
    (add_net "Net-(J1-Pad38)")
    (add_net "Net-(J1-Pad4)")
    (add_net "Net-(J1-Pad5)")
    (add_net "Net-(J1-Pad6)")
    (add_net "Net-(J1-Pad7)")
    (add_net "Net-(J1-Pad9)")
    (add_net "Net-(J2-Pad1)")
    (add_net "Net-(J2-Pad10)")
    (add_net "Net-(J2-Pad11)")
    (add_net "Net-(J2-Pad13)")
    (add_net "Net-(J2-Pad15)")
    (add_net "Net-(J2-Pad16)")
    (add_net "Net-(J2-Pad17)")
    (add_net "Net-(J2-Pad18)")
    (add_net "Net-(J2-Pad19)")
    (add_net "Net-(J2-Pad2)")
    (add_net "Net-(J2-Pad21)")
    (add_net "Net-(J2-Pad22)")
    (add_net "Net-(J2-Pad23)")
    (add_net "Net-(J2-Pad24)")
    (add_net "Net-(J2-Pad25)")
    (add_net "Net-(J2-Pad26)")
    (add_net "Net-(J2-Pad28)")
    (add_net "Net-(J2-Pad3)")
    (add_net "Net-(J2-Pad30)")
    (add_net "Net-(J2-Pad31)")
    (add_net "Net-(J2-Pad33)")
    (add_net "Net-(J2-Pad35)")
    (add_net "Net-(J2-Pad36)")
    (add_net "Net-(J2-Pad37)")
    (add_net "Net-(J2-Pad38)")
    (add_net "Net-(J2-Pad4)")
    (add_net "Net-(J2-Pad5)")
    (add_net "Net-(J2-Pad6)")
    (add_net "Net-(J2-Pad7)")
    (add_net "Net-(J2-Pad8)")
    (add_net "Net-(J6-Pad1)")
    (add_net "Net-(J6-Pad4)")
    (add_net "Net-(J6-Pad5)")
    (add_net "Net-(J6-Pad6)")
    (add_net "Net-(J6-Pad8)")
    (add_net "Net-(J6-Pad9)")
    (add_net "Net-(U2-Pad3)")
    (add_net "Net-(U2-Pad4)")
    (add_net "Net-(U3-Pad5)")
    (add_net "Net-(U3-Pad8)")
    (add_net "Net-(U4-Pad4)")
    (add_net VBUS)
  )

  (module Diode_SMD:D_SOD-323F (layer F.Cu) (tedit 590A48EB) (tstamp 5D4CBF91)
    (at 154.5 71 270)
    (descr "SOD-323F http://www.nxp.com/documents/outline_drawing/SOD323F.pdf")
    (tags SOD-323F)
    (path /5D4D83ED/5D4DA05B)
    (attr smd)
    (fp_text reference D5 (at -2.45 0.05 270) (layer F.SilkS)
      (effects (font (size 1 1) (thickness 0.15)))
    )
    (fp_text value "D_Schottky BAT46WJ 100V" (at 0.1 1.9 270) (layer F.Fab)
      (effects (font (size 1 1) (thickness 0.15)))
    )
    (fp_text user %R (at 0 -1.85 270) (layer F.Fab)
      (effects (font (size 1 1) (thickness 0.15)))
    )
    (fp_line (start -1.5 -0.85) (end -1.5 0.85) (layer F.SilkS) (width 0.12))
    (fp_line (start 0.2 0) (end 0.45 0) (layer F.Fab) (width 0.1))
    (fp_line (start 0.2 0.35) (end -0.3 0) (layer F.Fab) (width 0.1))
    (fp_line (start 0.2 -0.35) (end 0.2 0.35) (layer F.Fab) (width 0.1))
    (fp_line (start -0.3 0) (end 0.2 -0.35) (layer F.Fab) (width 0.1))
    (fp_line (start -0.3 0) (end -0.5 0) (layer F.Fab) (width 0.1))
    (fp_line (start -0.3 -0.35) (end -0.3 0.35) (layer F.Fab) (width 0.1))
    (fp_line (start -0.9 0.7) (end -0.9 -0.7) (layer F.Fab) (width 0.1))
    (fp_line (start 0.9 0.7) (end -0.9 0.7) (layer F.Fab) (width 0.1))
    (fp_line (start 0.9 -0.7) (end 0.9 0.7) (layer F.Fab) (width 0.1))
    (fp_line (start -0.9 -0.7) (end 0.9 -0.7) (layer F.Fab) (width 0.1))
    (fp_line (start -1.6 -0.95) (end 1.6 -0.95) (layer F.CrtYd) (width 0.05))
    (fp_line (start 1.6 -0.95) (end 1.6 0.95) (layer F.CrtYd) (width 0.05))
    (fp_line (start -1.6 0.95) (end 1.6 0.95) (layer F.CrtYd) (width 0.05))
    (fp_line (start -1.6 -0.95) (end -1.6 0.95) (layer F.CrtYd) (width 0.05))
    (fp_line (start -1.5 0.85) (end 1.05 0.85) (layer F.SilkS) (width 0.12))
    (fp_line (start -1.5 -0.85) (end 1.05 -0.85) (layer F.SilkS) (width 0.12))
    (pad 1 smd rect (at -1.1 0 270) (size 0.5 0.5) (layers F.Cu F.Paste F.Mask)
      (net 76 "Net-(C8-Pad2)"))
    (pad 2 smd rect (at 1.1 0 270) (size 0.5 0.5) (layers F.Cu F.Paste F.Mask)
      (net 62 GND))
    (model ${KISYS3DMOD}/Diode_SMD.3dshapes/D_SOD-323F.wrl
      (at (xyz 0 0 0))
      (scale (xyz 1 1 1))
      (rotate (xyz 0 0 0))
    )
  )

  (module NetTie:NetTie-2_SMD_Pad2.0mm (layer F.Cu) (tedit 5D4C92AF) (tstamp 5D4CDEC7)
    (at 173.7 87.2 180)
    (descr "Net tie, 2 pin, 2.0mm square SMD pads")
    (tags "net tie")
    (path /5D4D83ED/5D4E6613)
    (attr virtual)
    (fp_text reference NT1 (at 0 -2 180) (layer F.SilkS) hide
      (effects (font (size 1 1) (thickness 0.15)))
    )
    (fp_text value Net-Tie_2 (at 0 2 180) (layer F.Fab)
      (effects (font (size 1 1) (thickness 0.15)))
    )
    (fp_poly (pts (xy -2 -1) (xy 2 -1) (xy 2 1) (xy -2 1)) (layer F.Cu) (width 0))
    (fp_line (start -3.25 1.25) (end -3.25 -1.25) (layer F.CrtYd) (width 0.05))
    (fp_line (start 3.25 1.25) (end -3.25 1.25) (layer F.CrtYd) (width 0.05))
    (fp_line (start 3.25 -1.25) (end 3.25 1.25) (layer F.CrtYd) (width 0.05))
    (fp_line (start -3.25 -1.25) (end 3.25 -1.25) (layer F.CrtYd) (width 0.05))
    (pad 1 smd circle (at -2 0 180) (size 2 2) (layers F.Cu)
      (net 95 GNDPWR))
    (pad 2 smd circle (at 2 0 180) (size 2 2) (layers F.Cu)
      (net 62 GND))
  )

  (module Capacitor_SMD:CP_Elec_10x10.5 (layer F.Cu) (tedit 5BCA39D1) (tstamp 5D523BF8)
    (at 171.5 80.2 180)
    (descr "SMD capacitor, aluminum electrolytic, Vishay 1010, 10.0x10.5mm, http://www.vishay.com/docs/28395/150crz.pdf")
    (tags "capacitor electrolytic")
    (path /5D4D83ED/5D4DA021)
    (attr smd)
    (fp_text reference C5 (at 6.4 -2.65 180) (layer F.SilkS)
      (effects (font (size 1 1) (thickness 0.15)))
    )
    (fp_text value "100uF 35V" (at 0 6.3 180) (layer F.Fab)
      (effects (font (size 1 1) (thickness 0.15)))
    )
    (fp_circle (center 0 0) (end 5 0) (layer F.Fab) (width 0.1))
    (fp_line (start 5.25 -5.25) (end 5.25 5.25) (layer F.Fab) (width 0.1))
    (fp_line (start -4.25 -5.25) (end 5.25 -5.25) (layer F.Fab) (width 0.1))
    (fp_line (start -4.25 5.25) (end 5.25 5.25) (layer F.Fab) (width 0.1))
    (fp_line (start -5.25 -4.25) (end -5.25 4.25) (layer F.Fab) (width 0.1))
    (fp_line (start -5.25 -4.25) (end -4.25 -5.25) (layer F.Fab) (width 0.1))
    (fp_line (start -5.25 4.25) (end -4.25 5.25) (layer F.Fab) (width 0.1))
    (fp_line (start -4.558325 -1.7) (end -3.558325 -1.7) (layer F.Fab) (width 0.1))
    (fp_line (start -4.058325 -2.2) (end -4.058325 -1.2) (layer F.Fab) (width 0.1))
    (fp_line (start 5.36 5.36) (end 5.36 1.51) (layer F.SilkS) (width 0.12))
    (fp_line (start 5.36 -5.36) (end 5.36 -1.51) (layer F.SilkS) (width 0.12))
    (fp_line (start -4.295563 -5.36) (end 5.36 -5.36) (layer F.SilkS) (width 0.12))
    (fp_line (start -4.295563 5.36) (end 5.36 5.36) (layer F.SilkS) (width 0.12))
    (fp_line (start -5.36 4.295563) (end -5.36 1.51) (layer F.SilkS) (width 0.12))
    (fp_line (start -5.36 -4.295563) (end -5.36 -1.51) (layer F.SilkS) (width 0.12))
    (fp_line (start -5.36 -4.295563) (end -4.295563 -5.36) (layer F.SilkS) (width 0.12))
    (fp_line (start -5.36 4.295563) (end -4.295563 5.36) (layer F.SilkS) (width 0.12))
    (fp_line (start -6.85 -2.76) (end -5.6 -2.76) (layer F.SilkS) (width 0.12))
    (fp_line (start -6.225 -3.385) (end -6.225 -2.135) (layer F.SilkS) (width 0.12))
    (fp_line (start 5.5 -5.5) (end 5.5 -1.5) (layer F.CrtYd) (width 0.05))
    (fp_line (start 5.5 -1.5) (end 6.65 -1.5) (layer F.CrtYd) (width 0.05))
    (fp_line (start 6.65 -1.5) (end 6.65 1.5) (layer F.CrtYd) (width 0.05))
    (fp_line (start 6.65 1.5) (end 5.5 1.5) (layer F.CrtYd) (width 0.05))
    (fp_line (start 5.5 1.5) (end 5.5 5.5) (layer F.CrtYd) (width 0.05))
    (fp_line (start -4.35 5.5) (end 5.5 5.5) (layer F.CrtYd) (width 0.05))
    (fp_line (start -4.35 -5.5) (end 5.5 -5.5) (layer F.CrtYd) (width 0.05))
    (fp_line (start -5.5 4.35) (end -4.35 5.5) (layer F.CrtYd) (width 0.05))
    (fp_line (start -5.5 -4.35) (end -4.35 -5.5) (layer F.CrtYd) (width 0.05))
    (fp_line (start -5.5 -4.35) (end -5.5 -1.5) (layer F.CrtYd) (width 0.05))
    (fp_line (start -5.5 1.5) (end -5.5 4.35) (layer F.CrtYd) (width 0.05))
    (fp_line (start -5.5 -1.5) (end -6.65 -1.5) (layer F.CrtYd) (width 0.05))
    (fp_line (start -6.65 -1.5) (end -6.65 1.5) (layer F.CrtYd) (width 0.05))
    (fp_line (start -6.65 1.5) (end -5.5 1.5) (layer F.CrtYd) (width 0.05))
    (fp_text user %R (at 0 0 180) (layer F.Fab)
      (effects (font (size 1 1) (thickness 0.15)))
    )
    (pad 1 smd roundrect (at -4.2 0 180) (size 4.4 2.5) (layers F.Cu F.Paste F.Mask) (roundrect_rratio 0.1)
      (net 77 "Net-(C5-Pad1)"))
    (pad 2 smd roundrect (at 4.2 0 180) (size 4.4 2.5) (layers F.Cu F.Paste F.Mask) (roundrect_rratio 0.1)
      (net 62 GND))
    (model ${KISYS3DMOD}/Capacitor_SMD.3dshapes/CP_Elec_10x10.5.wrl
      (at (xyz 0 0 0))
      (scale (xyz 1 1 1))
      (rotate (xyz 0 0 0))
    )
  )

  (module Capacitor_SMD:C_0603_1608Metric (layer F.Cu) (tedit 5B301BBE) (tstamp 5D4CC1B1)
    (at 185.3375 72.5 180)
    (descr "Capacitor SMD 0603 (1608 Metric), square (rectangular) end terminal, IPC_7351 nominal, (Body size source: http://www.tortai-tech.com/upload/download/2011102023233369053.pdf), generated with kicad-footprint-generator")
    (tags capacitor)
    (path /5D4A8731)
    (attr smd)
    (fp_text reference C2 (at 2.3375 0.05 180) (layer F.SilkS)
      (effects (font (size 1 1) (thickness 0.15)))
    )
    (fp_text value "100nF 35V" (at 0 1.43 180) (layer F.Fab)
      (effects (font (size 1 1) (thickness 0.15)))
    )
    (fp_text user %R (at 0 0 180) (layer F.Fab)
      (effects (font (size 0.4 0.4) (thickness 0.06)))
    )
    (fp_line (start 1.48 0.73) (end -1.48 0.73) (layer F.CrtYd) (width 0.05))
    (fp_line (start 1.48 -0.73) (end 1.48 0.73) (layer F.CrtYd) (width 0.05))
    (fp_line (start -1.48 -0.73) (end 1.48 -0.73) (layer F.CrtYd) (width 0.05))
    (fp_line (start -1.48 0.73) (end -1.48 -0.73) (layer F.CrtYd) (width 0.05))
    (fp_line (start -0.162779 0.51) (end 0.162779 0.51) (layer F.SilkS) (width 0.12))
    (fp_line (start -0.162779 -0.51) (end 0.162779 -0.51) (layer F.SilkS) (width 0.12))
    (fp_line (start 0.8 0.4) (end -0.8 0.4) (layer F.Fab) (width 0.1))
    (fp_line (start 0.8 -0.4) (end 0.8 0.4) (layer F.Fab) (width 0.1))
    (fp_line (start -0.8 -0.4) (end 0.8 -0.4) (layer F.Fab) (width 0.1))
    (fp_line (start -0.8 0.4) (end -0.8 -0.4) (layer F.Fab) (width 0.1))
    (pad 2 smd roundrect (at 0.7875 0 180) (size 0.875 0.95) (layers F.Cu F.Paste F.Mask) (roundrect_rratio 0.25)
      (net 62 GND))
    (pad 1 smd roundrect (at -0.7875 0 180) (size 0.875 0.95) (layers F.Cu F.Paste F.Mask) (roundrect_rratio 0.25)
      (net 71 /SW01))
    (model ${KISYS3DMOD}/Capacitor_SMD.3dshapes/C_0603_1608Metric.wrl
      (at (xyz 0 0 0))
      (scale (xyz 1 1 1))
      (rotate (xyz 0 0 0))
    )
  )

  (module Capacitor_SMD:C_0603_1608Metric (layer F.Cu) (tedit 5B301BBE) (tstamp 5D4CC1A0)
    (at 136.7125 54.5 180)
    (descr "Capacitor SMD 0603 (1608 Metric), square (rectangular) end terminal, IPC_7351 nominal, (Body size source: http://www.tortai-tech.com/upload/download/2011102023233369053.pdf), generated with kicad-footprint-generator")
    (tags capacitor)
    (path /5D4FF58F)
    (attr smd)
    (fp_text reference C3 (at 0.1 1.3 180) (layer F.SilkS)
      (effects (font (size 1 1) (thickness 0.15)))
    )
    (fp_text value "100nF 35V" (at 0 1.43 180) (layer F.Fab)
      (effects (font (size 1 1) (thickness 0.15)))
    )
    (fp_line (start -0.8 0.4) (end -0.8 -0.4) (layer F.Fab) (width 0.1))
    (fp_line (start -0.8 -0.4) (end 0.8 -0.4) (layer F.Fab) (width 0.1))
    (fp_line (start 0.8 -0.4) (end 0.8 0.4) (layer F.Fab) (width 0.1))
    (fp_line (start 0.8 0.4) (end -0.8 0.4) (layer F.Fab) (width 0.1))
    (fp_line (start -0.162779 -0.51) (end 0.162779 -0.51) (layer F.SilkS) (width 0.12))
    (fp_line (start -0.162779 0.51) (end 0.162779 0.51) (layer F.SilkS) (width 0.12))
    (fp_line (start -1.48 0.73) (end -1.48 -0.73) (layer F.CrtYd) (width 0.05))
    (fp_line (start -1.48 -0.73) (end 1.48 -0.73) (layer F.CrtYd) (width 0.05))
    (fp_line (start 1.48 -0.73) (end 1.48 0.73) (layer F.CrtYd) (width 0.05))
    (fp_line (start 1.48 0.73) (end -1.48 0.73) (layer F.CrtYd) (width 0.05))
    (fp_text user %R (at 0 0 180) (layer F.Fab)
      (effects (font (size 0.4 0.4) (thickness 0.06)))
    )
    (pad 1 smd roundrect (at -0.7875 0 180) (size 0.875 0.95) (layers F.Cu F.Paste F.Mask) (roundrect_rratio 0.25)
      (net 60 +5V))
    (pad 2 smd roundrect (at 0.7875 0 180) (size 0.875 0.95) (layers F.Cu F.Paste F.Mask) (roundrect_rratio 0.25)
      (net 62 GND))
    (model ${KISYS3DMOD}/Capacitor_SMD.3dshapes/C_0603_1608Metric.wrl
      (at (xyz 0 0 0))
      (scale (xyz 1 1 1))
      (rotate (xyz 0 0 0))
    )
  )

  (module Capacitor_SMD:C_0603_1608Metric (layer F.Cu) (tedit 5B301BBE) (tstamp 5D4CC18F)
    (at 183.1125 63.5 180)
    (descr "Capacitor SMD 0603 (1608 Metric), square (rectangular) end terminal, IPC_7351 nominal, (Body size source: http://www.tortai-tech.com/upload/download/2011102023233369053.pdf), generated with kicad-footprint-generator")
    (tags capacitor)
    (path /5D4B46A0)
    (attr smd)
    (fp_text reference C4 (at 0.6625 -1.5 180) (layer F.SilkS)
      (effects (font (size 1 1) (thickness 0.15)))
    )
    (fp_text value "100nF 35V" (at 0 1.43 180) (layer F.Fab)
      (effects (font (size 1 1) (thickness 0.15)))
    )
    (fp_text user %R (at 0 0 180) (layer F.Fab)
      (effects (font (size 0.4 0.4) (thickness 0.06)))
    )
    (fp_line (start 1.48 0.73) (end -1.48 0.73) (layer F.CrtYd) (width 0.05))
    (fp_line (start 1.48 -0.73) (end 1.48 0.73) (layer F.CrtYd) (width 0.05))
    (fp_line (start -1.48 -0.73) (end 1.48 -0.73) (layer F.CrtYd) (width 0.05))
    (fp_line (start -1.48 0.73) (end -1.48 -0.73) (layer F.CrtYd) (width 0.05))
    (fp_line (start -0.162779 0.51) (end 0.162779 0.51) (layer F.SilkS) (width 0.12))
    (fp_line (start -0.162779 -0.51) (end 0.162779 -0.51) (layer F.SilkS) (width 0.12))
    (fp_line (start 0.8 0.4) (end -0.8 0.4) (layer F.Fab) (width 0.1))
    (fp_line (start 0.8 -0.4) (end 0.8 0.4) (layer F.Fab) (width 0.1))
    (fp_line (start -0.8 -0.4) (end 0.8 -0.4) (layer F.Fab) (width 0.1))
    (fp_line (start -0.8 0.4) (end -0.8 -0.4) (layer F.Fab) (width 0.1))
    (pad 2 smd roundrect (at 0.7875 0 180) (size 0.875 0.95) (layers F.Cu F.Paste F.Mask) (roundrect_rratio 0.25)
      (net 62 GND))
    (pad 1 smd roundrect (at -0.7875 0 180) (size 0.875 0.95) (layers F.Cu F.Paste F.Mask) (roundrect_rratio 0.25)
      (net 81 +3V3))
    (model ${KISYS3DMOD}/Capacitor_SMD.3dshapes/C_0603_1608Metric.wrl
      (at (xyz 0 0 0))
      (scale (xyz 1 1 1))
      (rotate (xyz 0 0 0))
    )
  )

  (module Capacitor_SMD:C_0603_1608Metric (layer F.Cu) (tedit 5B301BBE) (tstamp 5D4CC17E)
    (at 181.573424 77.685249 180)
    (descr "Capacitor SMD 0603 (1608 Metric), square (rectangular) end terminal, IPC_7351 nominal, (Body size source: http://www.tortai-tech.com/upload/download/2011102023233369053.pdf), generated with kicad-footprint-generator")
    (tags capacitor)
    (path /5D4CFF02)
    (attr smd)
    (fp_text reference C1 (at 2.323424 0.135249 180) (layer F.SilkS)
      (effects (font (size 1 1) (thickness 0.15)))
    )
    (fp_text value "100nF 35V" (at 0 1.43 180) (layer F.Fab)
      (effects (font (size 1 1) (thickness 0.15)))
    )
    (fp_line (start -0.8 0.4) (end -0.8 -0.4) (layer F.Fab) (width 0.1))
    (fp_line (start -0.8 -0.4) (end 0.8 -0.4) (layer F.Fab) (width 0.1))
    (fp_line (start 0.8 -0.4) (end 0.8 0.4) (layer F.Fab) (width 0.1))
    (fp_line (start 0.8 0.4) (end -0.8 0.4) (layer F.Fab) (width 0.1))
    (fp_line (start -0.162779 -0.51) (end 0.162779 -0.51) (layer F.SilkS) (width 0.12))
    (fp_line (start -0.162779 0.51) (end 0.162779 0.51) (layer F.SilkS) (width 0.12))
    (fp_line (start -1.48 0.73) (end -1.48 -0.73) (layer F.CrtYd) (width 0.05))
    (fp_line (start -1.48 -0.73) (end 1.48 -0.73) (layer F.CrtYd) (width 0.05))
    (fp_line (start 1.48 -0.73) (end 1.48 0.73) (layer F.CrtYd) (width 0.05))
    (fp_line (start 1.48 0.73) (end -1.48 0.73) (layer F.CrtYd) (width 0.05))
    (fp_text user %R (at 0 0 180) (layer F.Fab)
      (effects (font (size 0.4 0.4) (thickness 0.06)))
    )
    (pad 1 smd roundrect (at -0.7875 0 180) (size 0.875 0.95) (layers F.Cu F.Paste F.Mask) (roundrect_rratio 0.25)
      (net 72 /SW02))
    (pad 2 smd roundrect (at 0.7875 0 180) (size 0.875 0.95) (layers F.Cu F.Paste F.Mask) (roundrect_rratio 0.25)
      (net 62 GND))
    (model ${KISYS3DMOD}/Capacitor_SMD.3dshapes/C_0603_1608Metric.wrl
      (at (xyz 0 0 0))
      (scale (xyz 1 1 1))
      (rotate (xyz 0 0 0))
    )
  )

  (module Capacitor_SMD:C_0603_1608Metric (layer F.Cu) (tedit 5B301BBE) (tstamp 5D4CC16D)
    (at 156.9875 71.9 180)
    (descr "Capacitor SMD 0603 (1608 Metric), square (rectangular) end terminal, IPC_7351 nominal, (Body size source: http://www.tortai-tech.com/upload/download/2011102023233369053.pdf), generated with kicad-footprint-generator")
    (tags capacitor)
    (path /5D4D83ED/5D4DA054)
    (attr smd)
    (fp_text reference C8 (at -3.2125 -0.4 180) (layer F.SilkS)
      (effects (font (size 1 1) (thickness 0.15)))
    )
    (fp_text value "100nF 35V" (at 0 1.43 180) (layer F.Fab)
      (effects (font (size 1 1) (thickness 0.15)))
    )
    (fp_text user %R (at 0 0 180) (layer F.Fab)
      (effects (font (size 0.4 0.4) (thickness 0.06)))
    )
    (fp_line (start 1.48 0.73) (end -1.48 0.73) (layer F.CrtYd) (width 0.05))
    (fp_line (start 1.48 -0.73) (end 1.48 0.73) (layer F.CrtYd) (width 0.05))
    (fp_line (start -1.48 -0.73) (end 1.48 -0.73) (layer F.CrtYd) (width 0.05))
    (fp_line (start -1.48 0.73) (end -1.48 -0.73) (layer F.CrtYd) (width 0.05))
    (fp_line (start -0.162779 0.51) (end 0.162779 0.51) (layer F.SilkS) (width 0.12))
    (fp_line (start -0.162779 -0.51) (end 0.162779 -0.51) (layer F.SilkS) (width 0.12))
    (fp_line (start 0.8 0.4) (end -0.8 0.4) (layer F.Fab) (width 0.1))
    (fp_line (start 0.8 -0.4) (end 0.8 0.4) (layer F.Fab) (width 0.1))
    (fp_line (start -0.8 -0.4) (end 0.8 -0.4) (layer F.Fab) (width 0.1))
    (fp_line (start -0.8 0.4) (end -0.8 -0.4) (layer F.Fab) (width 0.1))
    (pad 2 smd roundrect (at 0.7875 0 180) (size 0.875 0.95) (layers F.Cu F.Paste F.Mask) (roundrect_rratio 0.25)
      (net 76 "Net-(C8-Pad2)"))
    (pad 1 smd roundrect (at -0.7875 0 180) (size 0.875 0.95) (layers F.Cu F.Paste F.Mask) (roundrect_rratio 0.25)
      (net 74 "Net-(C8-Pad1)"))
    (model ${KISYS3DMOD}/Capacitor_SMD.3dshapes/C_0603_1608Metric.wrl
      (at (xyz 0 0 0))
      (scale (xyz 1 1 1))
      (rotate (xyz 0 0 0))
    )
  )

  (module Capacitor_SMD:C_0603_1608Metric (layer F.Cu) (tedit 5B301BBE) (tstamp 5D4CC15C)
    (at 150.5 66.8)
    (descr "Capacitor SMD 0603 (1608 Metric), square (rectangular) end terminal, IPC_7351 nominal, (Body size source: http://www.tortai-tech.com/upload/download/2011102023233369053.pdf), generated with kicad-footprint-generator")
    (tags capacitor)
    (path /5D4D83ED/5D4DA070)
    (attr smd)
    (fp_text reference C9 (at -0.95 -2.8) (layer F.SilkS)
      (effects (font (size 1 1) (thickness 0.15)))
    )
    (fp_text value 20pF (at 0 1.43) (layer F.Fab)
      (effects (font (size 1 1) (thickness 0.15)))
    )
    (fp_line (start -0.8 0.4) (end -0.8 -0.4) (layer F.Fab) (width 0.1))
    (fp_line (start -0.8 -0.4) (end 0.8 -0.4) (layer F.Fab) (width 0.1))
    (fp_line (start 0.8 -0.4) (end 0.8 0.4) (layer F.Fab) (width 0.1))
    (fp_line (start 0.8 0.4) (end -0.8 0.4) (layer F.Fab) (width 0.1))
    (fp_line (start -0.162779 -0.51) (end 0.162779 -0.51) (layer F.SilkS) (width 0.12))
    (fp_line (start -0.162779 0.51) (end 0.162779 0.51) (layer F.SilkS) (width 0.12))
    (fp_line (start -1.48 0.73) (end -1.48 -0.73) (layer F.CrtYd) (width 0.05))
    (fp_line (start -1.48 -0.73) (end 1.48 -0.73) (layer F.CrtYd) (width 0.05))
    (fp_line (start 1.48 -0.73) (end 1.48 0.73) (layer F.CrtYd) (width 0.05))
    (fp_line (start 1.48 0.73) (end -1.48 0.73) (layer F.CrtYd) (width 0.05))
    (fp_text user %R (at 0 0) (layer F.Fab)
      (effects (font (size 0.4 0.4) (thickness 0.06)))
    )
    (pad 1 smd roundrect (at -0.7875 0) (size 0.875 0.95) (layers F.Cu F.Paste F.Mask) (roundrect_rratio 0.25)
      (net 60 +5V))
    (pad 2 smd roundrect (at 0.7875 0) (size 0.875 0.95) (layers F.Cu F.Paste F.Mask) (roundrect_rratio 0.25)
      (net 66 "Net-(C9-Pad2)"))
    (model ${KISYS3DMOD}/Capacitor_SMD.3dshapes/C_0603_1608Metric.wrl
      (at (xyz 0 0 0))
      (scale (xyz 1 1 1))
      (rotate (xyz 0 0 0))
    )
  )

  (module Capacitor_SMD:C_1210_3225Metric (layer F.Cu) (tedit 5B301BBE) (tstamp 5D4CC14B)
    (at 147.4 68.3 90)
    (descr "Capacitor SMD 1210 (3225 Metric), square (rectangular) end terminal, IPC_7351 nominal, (Body size source: http://www.tortai-tech.com/upload/download/2011102023233369053.pdf), generated with kicad-footprint-generator")
    (tags capacitor)
    (path /5D4D83ED/5D4DA0AB)
    (attr smd)
    (fp_text reference C11 (at 3.65 0 90) (layer F.SilkS)
      (effects (font (size 1 1) (thickness 0.15)))
    )
    (fp_text value "10uF 35V" (at 0 2.28 90) (layer F.Fab)
      (effects (font (size 1 1) (thickness 0.15)))
    )
    (fp_line (start -1.6 1.25) (end -1.6 -1.25) (layer F.Fab) (width 0.1))
    (fp_line (start -1.6 -1.25) (end 1.6 -1.25) (layer F.Fab) (width 0.1))
    (fp_line (start 1.6 -1.25) (end 1.6 1.25) (layer F.Fab) (width 0.1))
    (fp_line (start 1.6 1.25) (end -1.6 1.25) (layer F.Fab) (width 0.1))
    (fp_line (start -0.602064 -1.36) (end 0.602064 -1.36) (layer F.SilkS) (width 0.12))
    (fp_line (start -0.602064 1.36) (end 0.602064 1.36) (layer F.SilkS) (width 0.12))
    (fp_line (start -2.28 1.58) (end -2.28 -1.58) (layer F.CrtYd) (width 0.05))
    (fp_line (start -2.28 -1.58) (end 2.28 -1.58) (layer F.CrtYd) (width 0.05))
    (fp_line (start 2.28 -1.58) (end 2.28 1.58) (layer F.CrtYd) (width 0.05))
    (fp_line (start 2.28 1.58) (end -2.28 1.58) (layer F.CrtYd) (width 0.05))
    (fp_text user %R (at 0 0 90) (layer F.Fab)
      (effects (font (size 0.8 0.8) (thickness 0.12)))
    )
    (pad 1 smd roundrect (at -1.4 0 90) (size 1.25 2.65) (layers F.Cu F.Paste F.Mask) (roundrect_rratio 0.2)
      (net 60 +5V))
    (pad 2 smd roundrect (at 1.4 0 90) (size 1.25 2.65) (layers F.Cu F.Paste F.Mask) (roundrect_rratio 0.2)
      (net 62 GND))
    (model ${KISYS3DMOD}/Capacitor_SMD.3dshapes/C_1210_3225Metric.wrl
      (at (xyz 0 0 0))
      (scale (xyz 1 1 1))
      (rotate (xyz 0 0 0))
    )
  )

  (module Capacitor_SMD:C_1210_3225Metric (layer F.Cu) (tedit 5B301BBE) (tstamp 5D4E4D01)
    (at 153.7 64.3 90)
    (descr "Capacitor SMD 1210 (3225 Metric), square (rectangular) end terminal, IPC_7351 nominal, (Body size source: http://www.tortai-tech.com/upload/download/2011102023233369053.pdf), generated with kicad-footprint-generator")
    (tags capacitor)
    (path /5D4D83ED/5D4DA03C)
    (attr smd)
    (fp_text reference C7 (at 1.75 -2.1 90) (layer F.SilkS)
      (effects (font (size 1 1) (thickness 0.15)))
    )
    (fp_text value "10uF 35V" (at 0 2.28 90) (layer F.Fab)
      (effects (font (size 1 1) (thickness 0.15)))
    )
    (fp_text user %R (at 0 0 90) (layer F.Fab)
      (effects (font (size 0.8 0.8) (thickness 0.12)))
    )
    (fp_line (start 2.28 1.58) (end -2.28 1.58) (layer F.CrtYd) (width 0.05))
    (fp_line (start 2.28 -1.58) (end 2.28 1.58) (layer F.CrtYd) (width 0.05))
    (fp_line (start -2.28 -1.58) (end 2.28 -1.58) (layer F.CrtYd) (width 0.05))
    (fp_line (start -2.28 1.58) (end -2.28 -1.58) (layer F.CrtYd) (width 0.05))
    (fp_line (start -0.602064 1.36) (end 0.602064 1.36) (layer F.SilkS) (width 0.12))
    (fp_line (start -0.602064 -1.36) (end 0.602064 -1.36) (layer F.SilkS) (width 0.12))
    (fp_line (start 1.6 1.25) (end -1.6 1.25) (layer F.Fab) (width 0.1))
    (fp_line (start 1.6 -1.25) (end 1.6 1.25) (layer F.Fab) (width 0.1))
    (fp_line (start -1.6 -1.25) (end 1.6 -1.25) (layer F.Fab) (width 0.1))
    (fp_line (start -1.6 1.25) (end -1.6 -1.25) (layer F.Fab) (width 0.1))
    (pad 2 smd roundrect (at 1.4 0 90) (size 1.25 2.65) (layers F.Cu F.Paste F.Mask) (roundrect_rratio 0.2)
      (net 62 GND))
    (pad 1 smd roundrect (at -1.4 0 90) (size 1.25 2.65) (layers F.Cu F.Paste F.Mask) (roundrect_rratio 0.2)
      (net 77 "Net-(C5-Pad1)"))
    (model ${KISYS3DMOD}/Capacitor_SMD.3dshapes/C_1210_3225Metric.wrl
      (at (xyz 0 0 0))
      (scale (xyz 1 1 1))
      (rotate (xyz 0 0 0))
    )
  )

  (module Capacitor_SMD:C_1210_3225Metric (layer F.Cu) (tedit 5B301BBE) (tstamp 5D4CC129)
    (at 144.2 68.3 90)
    (descr "Capacitor SMD 1210 (3225 Metric), square (rectangular) end terminal, IPC_7351 nominal, (Body size source: http://www.tortai-tech.com/upload/download/2011102023233369053.pdf), generated with kicad-footprint-generator")
    (tags capacitor)
    (path /5D4D83ED/5D4DA0A4)
    (attr smd)
    (fp_text reference C10 (at 3.75 0.05 90) (layer F.SilkS)
      (effects (font (size 1 1) (thickness 0.15)))
    )
    (fp_text value "10uF 35V" (at 0 2.28 90) (layer F.Fab)
      (effects (font (size 1 1) (thickness 0.15)))
    )
    (fp_line (start -1.6 1.25) (end -1.6 -1.25) (layer F.Fab) (width 0.1))
    (fp_line (start -1.6 -1.25) (end 1.6 -1.25) (layer F.Fab) (width 0.1))
    (fp_line (start 1.6 -1.25) (end 1.6 1.25) (layer F.Fab) (width 0.1))
    (fp_line (start 1.6 1.25) (end -1.6 1.25) (layer F.Fab) (width 0.1))
    (fp_line (start -0.602064 -1.36) (end 0.602064 -1.36) (layer F.SilkS) (width 0.12))
    (fp_line (start -0.602064 1.36) (end 0.602064 1.36) (layer F.SilkS) (width 0.12))
    (fp_line (start -2.28 1.58) (end -2.28 -1.58) (layer F.CrtYd) (width 0.05))
    (fp_line (start -2.28 -1.58) (end 2.28 -1.58) (layer F.CrtYd) (width 0.05))
    (fp_line (start 2.28 -1.58) (end 2.28 1.58) (layer F.CrtYd) (width 0.05))
    (fp_line (start 2.28 1.58) (end -2.28 1.58) (layer F.CrtYd) (width 0.05))
    (fp_text user %R (at 0 0 90) (layer F.Fab)
      (effects (font (size 0.8 0.8) (thickness 0.12)))
    )
    (pad 1 smd roundrect (at -1.4 0 90) (size 1.25 2.65) (layers F.Cu F.Paste F.Mask) (roundrect_rratio 0.2)
      (net 60 +5V))
    (pad 2 smd roundrect (at 1.4 0 90) (size 1.25 2.65) (layers F.Cu F.Paste F.Mask) (roundrect_rratio 0.2)
      (net 62 GND))
    (model ${KISYS3DMOD}/Capacitor_SMD.3dshapes/C_1210_3225Metric.wrl
      (at (xyz 0 0 0))
      (scale (xyz 1 1 1))
      (rotate (xyz 0 0 0))
    )
  )

  (module Capacitor_SMD:C_1210_3225Metric (layer F.Cu) (tedit 5B301BBE) (tstamp 5D4CC118)
    (at 139.8 57.7 270)
    (descr "Capacitor SMD 1210 (3225 Metric), square (rectangular) end terminal, IPC_7351 nominal, (Body size source: http://www.tortai-tech.com/upload/download/2011102023233369053.pdf), generated with kicad-footprint-generator")
    (tags capacitor)
    (path /5D4CDAB9)
    (attr smd)
    (fp_text reference C12 (at 3 -0.2) (layer F.SilkS)
      (effects (font (size 1 1) (thickness 0.15)))
    )
    (fp_text value "10uF 35V" (at 0 2.28 270) (layer F.Fab)
      (effects (font (size 1 1) (thickness 0.15)))
    )
    (fp_text user %R (at 0 0 270) (layer F.Fab)
      (effects (font (size 0.8 0.8) (thickness 0.12)))
    )
    (fp_line (start 2.28 1.58) (end -2.28 1.58) (layer F.CrtYd) (width 0.05))
    (fp_line (start 2.28 -1.58) (end 2.28 1.58) (layer F.CrtYd) (width 0.05))
    (fp_line (start -2.28 -1.58) (end 2.28 -1.58) (layer F.CrtYd) (width 0.05))
    (fp_line (start -2.28 1.58) (end -2.28 -1.58) (layer F.CrtYd) (width 0.05))
    (fp_line (start -0.602064 1.36) (end 0.602064 1.36) (layer F.SilkS) (width 0.12))
    (fp_line (start -0.602064 -1.36) (end 0.602064 -1.36) (layer F.SilkS) (width 0.12))
    (fp_line (start 1.6 1.25) (end -1.6 1.25) (layer F.Fab) (width 0.1))
    (fp_line (start 1.6 -1.25) (end 1.6 1.25) (layer F.Fab) (width 0.1))
    (fp_line (start -1.6 -1.25) (end 1.6 -1.25) (layer F.Fab) (width 0.1))
    (fp_line (start -1.6 1.25) (end -1.6 -1.25) (layer F.Fab) (width 0.1))
    (pad 2 smd roundrect (at 1.4 0 270) (size 1.25 2.65) (layers F.Cu F.Paste F.Mask) (roundrect_rratio 0.2)
      (net 62 GND))
    (pad 1 smd roundrect (at -1.4 0 270) (size 1.25 2.65) (layers F.Cu F.Paste F.Mask) (roundrect_rratio 0.2)
      (net 59 "Net-(C12-Pad1)"))
    (model ${KISYS3DMOD}/Capacitor_SMD.3dshapes/C_1210_3225Metric.wrl
      (at (xyz 0 0 0))
      (scale (xyz 1 1 1))
      (rotate (xyz 0 0 0))
    )
  )

  (module Capacitor_SMD:C_1210_3225Metric (layer F.Cu) (tedit 5B301BBE) (tstamp 5D4CC107)
    (at 156.9 64.3 90)
    (descr "Capacitor SMD 1210 (3225 Metric), square (rectangular) end terminal, IPC_7351 nominal, (Body size source: http://www.tortai-tech.com/upload/download/2011102023233369053.pdf), generated with kicad-footprint-generator")
    (tags capacitor)
    (path /5D4D83ED/5D4DA035)
    (attr smd)
    (fp_text reference C6 (at 0.8 2.35 90) (layer F.SilkS)
      (effects (font (size 1 1) (thickness 0.15)))
    )
    (fp_text value "10uF 35V" (at 0 2.28 90) (layer F.Fab)
      (effects (font (size 1 1) (thickness 0.15)))
    )
    (fp_line (start -1.6 1.25) (end -1.6 -1.25) (layer F.Fab) (width 0.1))
    (fp_line (start -1.6 -1.25) (end 1.6 -1.25) (layer F.Fab) (width 0.1))
    (fp_line (start 1.6 -1.25) (end 1.6 1.25) (layer F.Fab) (width 0.1))
    (fp_line (start 1.6 1.25) (end -1.6 1.25) (layer F.Fab) (width 0.1))
    (fp_line (start -0.602064 -1.36) (end 0.602064 -1.36) (layer F.SilkS) (width 0.12))
    (fp_line (start -0.602064 1.36) (end 0.602064 1.36) (layer F.SilkS) (width 0.12))
    (fp_line (start -2.28 1.58) (end -2.28 -1.58) (layer F.CrtYd) (width 0.05))
    (fp_line (start -2.28 -1.58) (end 2.28 -1.58) (layer F.CrtYd) (width 0.05))
    (fp_line (start 2.28 -1.58) (end 2.28 1.58) (layer F.CrtYd) (width 0.05))
    (fp_line (start 2.28 1.58) (end -2.28 1.58) (layer F.CrtYd) (width 0.05))
    (fp_text user %R (at 0 0 90) (layer F.Fab)
      (effects (font (size 0.8 0.8) (thickness 0.12)))
    )
    (pad 1 smd roundrect (at -1.4 0 90) (size 1.25 2.65) (layers F.Cu F.Paste F.Mask) (roundrect_rratio 0.2)
      (net 77 "Net-(C5-Pad1)"))
    (pad 2 smd roundrect (at 1.4 0 90) (size 1.25 2.65) (layers F.Cu F.Paste F.Mask) (roundrect_rratio 0.2)
      (net 62 GND))
    (model ${KISYS3DMOD}/Capacitor_SMD.3dshapes/C_1210_3225Metric.wrl
      (at (xyz 0 0 0))
      (scale (xyz 1 1 1))
      (rotate (xyz 0 0 0))
    )
  )

  (module Connector_Dsub:DSUB-9_Male_Horizontal_P2.77x2.84mm_EdgePinOffset9.90mm_Housed_MountingHolesOffset11.32mm (layer F.Cu) (tedit 59FEDEE2) (tstamp 5D4CC0F6)
    (at 143.6 102.1)
    (descr "9-pin D-Sub connector, horizontal/angled (90 deg), THT-mount, male, pitch 2.77x2.84mm, pin-PCB-offset 9.9mm, distance of mounting holes 25mm, distance of mounting holes to PCB edge 11.32mm, see https://disti-assets.s3.amazonaws.com/tonar/files/datasheets/16730.pdf")
    (tags "9-pin D-Sub connector horizontal angled 90deg THT male pitch 2.77x2.84mm pin-PCB-offset 9.9mm mounting-holes-distance 25mm mounting-hole-offset 25mm")
    (path /5D4A024F)
    (fp_text reference J6 (at 5.54 -2.8) (layer F.SilkS)
      (effects (font (size 1 1) (thickness 0.15)))
    )
    (fp_text value DB9_Male (at 5.54 20.64) (layer F.Fab)
      (effects (font (size 1 1) (thickness 0.15)))
    )
    (fp_arc (start -6.96 1.42) (end -8.56 1.42) (angle 180) (layer F.Fab) (width 0.1))
    (fp_arc (start 18.04 1.42) (end 16.44 1.42) (angle 180) (layer F.Fab) (width 0.1))
    (fp_line (start -9.885 -1.8) (end -9.885 12.74) (layer F.Fab) (width 0.1))
    (fp_line (start -9.885 12.74) (end 20.965 12.74) (layer F.Fab) (width 0.1))
    (fp_line (start 20.965 12.74) (end 20.965 -1.8) (layer F.Fab) (width 0.1))
    (fp_line (start 20.965 -1.8) (end -9.885 -1.8) (layer F.Fab) (width 0.1))
    (fp_line (start -9.885 12.74) (end -9.885 13.14) (layer F.Fab) (width 0.1))
    (fp_line (start -9.885 13.14) (end 20.965 13.14) (layer F.Fab) (width 0.1))
    (fp_line (start 20.965 13.14) (end 20.965 12.74) (layer F.Fab) (width 0.1))
    (fp_line (start 20.965 12.74) (end -9.885 12.74) (layer F.Fab) (width 0.1))
    (fp_line (start -2.61 13.14) (end -2.61 19.14) (layer F.Fab) (width 0.1))
    (fp_line (start -2.61 19.14) (end 13.69 19.14) (layer F.Fab) (width 0.1))
    (fp_line (start 13.69 19.14) (end 13.69 13.14) (layer F.Fab) (width 0.1))
    (fp_line (start 13.69 13.14) (end -2.61 13.14) (layer F.Fab) (width 0.1))
    (fp_line (start -9.46 13.14) (end -9.46 18.14) (layer F.Fab) (width 0.1))
    (fp_line (start -9.46 18.14) (end -4.46 18.14) (layer F.Fab) (width 0.1))
    (fp_line (start -4.46 18.14) (end -4.46 13.14) (layer F.Fab) (width 0.1))
    (fp_line (start -4.46 13.14) (end -9.46 13.14) (layer F.Fab) (width 0.1))
    (fp_line (start 15.54 13.14) (end 15.54 18.14) (layer F.Fab) (width 0.1))
    (fp_line (start 15.54 18.14) (end 20.54 18.14) (layer F.Fab) (width 0.1))
    (fp_line (start 20.54 18.14) (end 20.54 13.14) (layer F.Fab) (width 0.1))
    (fp_line (start 20.54 13.14) (end 15.54 13.14) (layer F.Fab) (width 0.1))
    (fp_line (start -8.56 12.74) (end -8.56 1.42) (layer F.Fab) (width 0.1))
    (fp_line (start -5.36 12.74) (end -5.36 1.42) (layer F.Fab) (width 0.1))
    (fp_line (start 16.44 12.74) (end 16.44 1.42) (layer F.Fab) (width 0.1))
    (fp_line (start 19.64 12.74) (end 19.64 1.42) (layer F.Fab) (width 0.1))
    (fp_line (start -9.945 12.68) (end -9.945 -1.86) (layer F.SilkS) (width 0.12))
    (fp_line (start -9.945 -1.86) (end 21.025 -1.86) (layer F.SilkS) (width 0.12))
    (fp_line (start 21.025 -1.86) (end 21.025 12.68) (layer F.SilkS) (width 0.12))
    (fp_line (start -0.25 -2.754338) (end 0.25 -2.754338) (layer F.SilkS) (width 0.12))
    (fp_line (start 0.25 -2.754338) (end 0 -2.321325) (layer F.SilkS) (width 0.12))
    (fp_line (start 0 -2.321325) (end -0.25 -2.754338) (layer F.SilkS) (width 0.12))
    (fp_line (start -10.4 -2.35) (end -10.4 19.65) (layer F.CrtYd) (width 0.05))
    (fp_line (start -10.4 19.65) (end 21.5 19.65) (layer F.CrtYd) (width 0.05))
    (fp_line (start 21.5 19.65) (end 21.5 -2.35) (layer F.CrtYd) (width 0.05))
    (fp_line (start 21.5 -2.35) (end -10.4 -2.35) (layer F.CrtYd) (width 0.05))
    (fp_text user %R (at 5.54 16.14) (layer F.Fab)
